ra=0.78
la=10/1000
k=0.796
j=0.02
ml=25.5