ra=7.8
la=25/1000
k=0.93
j=0.575/1000
ml=2
nn=3000
pn=0.64*1000
in=2.19
