rn=0.1
r=50
l=5/1000
c=5/1000
uc0=300
k=0.5
t=20/1000
be